56371460
66667250
66666610
66666820
66667310
66667370
66665870
66667970
66665330
66666010
66666970
66666910
66666920
66666820
66665810
66670570
66663590
66666270
66666650
66666760
66666910
66666360
66667560
66665960
66666020
66667010
66667090
66665430
66668130
66666210
66666380
66667620
66667540
66665130
66667840
66665820
66665080
66667750
66667230
66666090
66668000
66665590
66665970
66667710
66666940
66665700
66668520
66665710
66666080
66667810
66665750
66665600
66667850
66666680
66666320
66667460
66665900
66667140
66666630
66666100
66666940
66666930
66668060
66665370
66666750
66665680
66666800
66666320
66666900
66666290
66668220
66665290
66667640
66667390
66666240
66666710
66665260
66667020
66670420
66664200
66666070
66666090
66668300
66665730
66666280
66666680
66667260
66666090
66666520
66667530
66664500
66668160
66666850
66668280
66665620
66664960
66667330
66667510
66666400
66664670
66668870
66666520
66667160
66665720
66667730
66666880
66665620
66666430
66668650
66670250
66661420
66667320
66665850
66667090
66666750
66666410
66667790
66665990
66665540
66667400
66666070
66667820
66665950
66662340
66677330
66660350
66662820
66673020
66664180
66663090
66671780
66665650
66661930
66673450
66664200
66664940
66671650
66663450
66661450
66673710
66666750
66659990
66674640
66663350
66661960
66673940
66664220
66662830
66673260
66664680
66661750
66676860
66661600
66661360
66672230
66670310
66657930
66673020
66664030
66661940
66674350
66663630
66662320
66672960
66666580
66662260
66671570
66666150
66660040
66674430
66667370
66661230
66671640
66663490
66661950
66673420
66665420
66662170
66674120
66663800
66661680
66673090
66665170
66661590
66672790
66665590
66661550
66675960
66664280
66659500
66674790
66662970
66662070
66673620
66667790
66660130
66673870
66663370
66661680
66673780
66665090
66660190
66674630
66665420
66660300
66675660
66662660
66662050
66673920
66664730
66662300
66673180
66665530
66661360
66673200
66664490
66660980
66673540
66668440
66658810
66673670
66664080
66662220
66674340
66664020
66665060
66670180
66669140
66656740
66673950
66665810
66660950
66674060
66665220
66660000
66675070
66663660
66660810
66674930
66664970
66661410
66673340
66663910
66662250
66672790
66662340
66666070
66673120
66660180
66670410
66669640
66660280
66666260
66673470
66661900
66666220
66670450
66661430
66666380
66674790
66658670
66667160
66672590
66661210
66666620
66673850
66658840
66667000
66674740
66658450
66668010
66670620
66661400
66667070
66673480
66659380
66666490
66673270
66659980
66667560
66673220
66658970
66667720
66673900
66659230
66667500
66672970
66658970
66668370
66672980
66659510
66666450
66672750
66660550
66666200
66672950
66663060
77589590
55747770
66660850
66666690
66673250
66659900
66667520
66671730
66660710
66666990
66672830
66659380
66666540
66673770
66659670
66667500
66673530
66659810
66667120
66673920
66657540
66667810
66672800
66660610
66666480
66672510
66660180
66667290
66674070
66658730
66669010
66671820
66659790
66666920
66672760
66659710
66666950
66673460
66659210
66667850
66673530
66658000
66668010
66673740
66658340
66667570
66675190
66658820
66668810
66672040
66657960
66668020
66672310
66660700
66666930
66672940
66658680
66668330
66673230
66658840
66668180
66673120
66659060
66667390
66672440
66660170
66667490
66674790
66658090
66666590
66673590
66659290
66667190
66673320
66659820
66667720
66674320
66660340
66664850
66673320
66661350
66666930
66671130
66662710
66665320
66669230
66664700
66666420
66668050
66667250
66664870
66670020
66663860
66666180
66669710
66664960
66665350
66668790
66664750
66665770
66668530
66667470
66664160
66668820
66665040
66667700
66666390
66666110
66670760
66664160
66665710
66665460
66669050
66664560
66666470
66668840
66665920
66665120
66669490
66664130
66666390
66668060
66665220
66668640
66667990
66663750
66666970
66668180
66665110
66666950
66667360
66666380
66665520
66668990
66665180
66666250
66669050
66665740
66667320
66666330
66665740
66666250
66667330
66665060
66667570
66667960
66665090
66666040
66668590
66666450
66666280
66666360
66667210
66665150
66669460
66669970
66662200
66667570
66669060
66661420
66668210
66667830
66664960
66668530
66664820
66665750
66668900
66666350
66666490
66667220
66665390
66668180
66666410
66664840
66666880
66667770
66665290
66666840
66667580
66667010
66665410
66668750
66665790
66666500
66668170
66664650
66668230
66665690
66666890
66666810
66666970
66665650
66667180
66666500
66666320
66667590
66667600
66666120
66666810
66665720
66667170
66666840
66669190
66663370
66662280
66673110
66664700
66661530
66674140
66662870
66663590
66673720
66664280
66661390
66674470
66663310
66662510
66673600
66663470
66662230
66675180
66663430
66662770
66673660
66664290
66660320
66675300
66663400
66663880
66673050
66664160
66663860
66671580
66664900
66662180
66673770
66662460
66662980
66674350
66663200
66662400
66674000
66663030
66662510
66674720
66663450
66662270
66673620
66664090
66663090
66673380
66663960
66661640
66673530
66662950
66663250
66673790
66664600
66663440
66671460
66663680
66663150
66674380
66663000
66665970
66669460
66665740
66662020
66673280
66665850
66660680
66674270
66664380
66661430
66673860
66665010
66662080
66672830
66664060
66662110
66676100
66663340
66660310
66675130
66663970
66661870
66672760
66664290
66663350
66672630
66665510
66660600
66673150
66665410
66661470
66674230
66664640
66660500
66674930
66665190
77585050
55749840
66660340
66667550
66671560
66660160
66669540
66671840
66658660
66667850
66676000
66659520
66663840
66672630
66659810
66668340
66672540
66658810
66671020
66670370
66659040
66667570
66673370
66659610
66666580
66674980
66658370
66667800
66673490
66658610
66667120
66673860
66658710
66667510
66673040
66659360
66668510
66672070
66660250
66667720
66673020
66658600
66669850
66671730
66659660
66666520
66673590
66659910
66668220
66673290
66657470
66667980
66673830
66657610
66667560
66675200
66658230
66667210
66675560
66657410
66666770
66673350
66659660
66667050
66673120
66659430
66667740
66673390
66658710
66667530
66673650
66659460
66667480
66672760
66658770
66669240
66673710
66657320
66669020
66673680
66658740
66667230
66673370
66657690
66668120
66674080
66663690
66662340
66673520
66661350
66665950
66672230
66658990
66667310
66675150
66657440
66668130
66673450
66658300
66667840
66674180
66658390
66667540
66674600
66657740
66668910
66672280
66658610
66670250
66669580
66659340
66668970
66673400
66658840
66666890
66674420
66657940
66669280
66673230
66658300
66670620
66671010
66657250
66669440
66672230
66658440
66667960
66674510
66658100
66667940
66673540
66658540
66667950
66674050
66657500
66668620
66676050
66656210
66669480
66668610
66663800
66666690
66668510
66666000
66665770
66668570
66665710
66664900
66669070
66666480
66664710
66668870
66665790
66665400
66669250
66664960
66666070
66668190
66665590
66667330
66668740
66663680
66667290
66666680
66666470
66666560
66668010
66667070
66664520
66667960
66665200
66665600
66669480
66666550
66664980
66668790
66665270
66665980
66668310
66666140
66666180
66668140
66665380
66665720
66667610
66666710
66666170
66667170
66665860
66665780
66668500
66665900
66666900
66667890
66665520
66665550
66669510
66665350
66667890
66666130
66664800
66666810
66668460
66666640
66666030
66666250
66667070
66665390
66668480
66665520
66665860
66668860
66664990
66667020
66669370
66663910
66666340
66668130
66665480
66666640
66667730
66666760
66665440
66668460
66664940
66666470
66667290
66665380
66668150
66666720
66666790
66665860
66668790
66665080
66666760
66667210
66665780
66667060
66670970
66662260
66665240
66668180
66665520
66666630
66669350
66667300
66665000
66666700
66665770
66666550
66667460
66666820
66665690
66668240
66664940
66667650
66666590
66666070
66668360
66667060
66664720
66666350
66667910
66665750
66666370
66667770
66665410
66667200
66666580
66666600
66663080
66673290
66663900
66663500
66673460
66663040
66666150
66669540
66664530
66662590
66672180
66664710
66662750
66673150
66664530
66662420
66673440
66663800
66664470
66672250
66664940
66661880
66674340
66662550
66662280
66673820
66663500
66663490
66672700
66664060
77582130
55754740
66659830
66667940
66671670
66661000
66667210
66673060
66659160
66668400
66672130
66659290
66668290
66671580
66666950
66661840
66671900
66659880
66669540
66669840
66660670
66667740
66671440
66663510
66664600
66674430
66658060
66667220
66675240
66656550
66668360
66673360
66658940
66667500
66673480
66658820
66668060
66673320
66658740
66667770
66673490
66658860
66668220
66673600
66657780
66668380
66673050
66660050
66668410
66672040
66658760
66667030
66673430
66659180
66670460
66670840
66658940
66667510
66674350
66657980
66668330
66674600
66657260
66667640
66674110
66657150
66668290
66673710
66659080
66668610
66673960
66657610
66668270
66672030
66658640
66668680
66672870
66658600
66669790
66673080
66657430
66667400
66673730
66658720
66675640
66666160
66658350
66667680
66672610
66659240
66669130
66671790
66660070
66668600
66672940
66658210
66666690
66674270
66659010
66667770
