18672560
18148120
65148390
66672070
66659450
66668130
66672220
66659160
66668420
66672380
66660400
66667470
66674510
66658560
66667380
66674650
66656690
66668260
66672000
66660970
66666670
66672060
66661420
66666540
66672920
66660180
66666990
66672350
66660980
66666370
66673560
66659290
66667260
66672880
66659220
66668040
66672130
66660850
66666770
66672050
66661320
66667180
66670740
66661460
66667640
66671640
66661350
66667160
66671670
66661060
66667630
66671670
66658960
66668590
66671820
66661690
66667500
66671540
66660650
66666890
66672680
66663420
66665820
66671540
66658470
66668380
66672300
66660760
66667220
66671870
66659720
66668440
66671260
66660500
66667850
66672500
66659380
66668320
66672100
66659530
66667470
66674270
66658060
66667960
66673770
66659470
66666630
66674730
66658070
66667360
66674370
66661240
66668420
66669330
66658270
66668310
66673270
66659490
66667160
66673780
66659530
66667670
66673510
66658220
66668100
66672980
66658640
66667300
66676390
66654930
66669880
66673090
66658480
66668090
66672180
66661240
66666510
66673450
66658100
66667640
66672220
66660720
66667770
66673180
66659190
66668020
66673170
66658170
66668540
66672450
66659930
66667620
66673140
66658300
66668220
66672810
66658730
66668260
66672470
66663520
66664540
66673020
66659460
66668430
66673220
66658530
66667360
66673260
66658970
66667950
66673490
66658530
66668120
66671690
66659590
66668070
66673840
66658490
66667790
66673260
66659020
66667320
66675550
66656330
66667990
66674110
66659750
66666250
66674600
66657470
66672410
66668960
66658570
66668300
66674800
66657470
66667550
66672910
66659580
66667940
66672260
66659840
66667530
66670250
66663550
66665810
66672690
66661690
66666740
66668240
66664700
66665920
66670500
66664320
66665230
66669670
66664230
66668060
66668050
66664030
66666420
66669800
66664620
66665590
66668970
66666890
66664990
66668580
66665010
66666520
66667920
66668120
66664300
66668430
66665350
66665460
66667460
66670580
66663090
66668470
66665280
66665190
66667950
66667350
66666230
66667260
66666490
66665040
66668450
66666740
66665330
66668770
66664580
66667980
66666410
66666640
66665700
66667790
66666010
66665650
66668260
66665960
66665900
66668510
66665550
66665970
66669890
66663710
66670580
66662760
66666840
66666650
66668270
66665260
66665320
66668860
66666390
66666860
66666090
66666140
66667760
66666550
66666530
66665870
66670970
66663130
66665570
66667250
66667660
66664990
66667670
66666580
66666760
66666830
66666120
66666910
66666910
66667150
66666610
66666650
66666490
66665970
66667030
66667450
66666210
66667270
66665680
66666270
66668200
66664010
66667810
66668670
66664550
66667680
66667740
66668230
66663560
66667380
66666140
77582890
55750970
66666330
66665830
66667610
66665970
66666300
66666980
66666970
66666070
66668840
66664090
66666890
66667450
66665290
66667120
66668210
66665390
66667250
66667000
66665980
66666620
66667310
66666370
66666390
66667740
66666840
66667540
66665610
66665630
66666560
66667070
66666210
66666370
66668740
66665560
66665660
66667670
66665350
66667780
66668810
66665170
66664890
66670250
66664030
66666140
66668810
66664950
66667820
66667410
66664280
66667100
66667170
66667580
66666370
66666180
66665860
66667350
66667430
66665650
66666560
66667280
66665670
66667140
66668140
66664310
66667810
66666490
66665850
66668500
66666950
66665130
66668120
66665460
66670380
66663550
66667460
66665160
66667410
66666030
66666820
66662230
66672730
66664360
66663150
66674240
66665390
66660380
66673620
66663550
66663890
66673110
66663060
66662830
66675420
66662720
66662220
66673190
66663970
66663240
66672490
66663380
66663430
66673130
66664490
66662530
66674200
66663090
66663250
66673010
66662880
66663630
66672970
66663900
66663390
66673520
66664240
66662110
66672360
66665080
66661880
66676750
66661290
66662550
66673130
66664280
66662510
66671960
66665530
66661760
66674610
66663170
66663590
66672560
66664540
66662610
66674040
66662690
66664360
66673270
66662470
66662760
66673480
66663020
66663350
66680790
66657700
66661080
66674120
66662830
66664080
66672390
66666880
66660940
66673580
66662780
66663220
66672810
66664320
66662330
66674370
66662780
66663310
66672310
66664450
66662930
66673080
66665040
66662090
66672540
66665290
66662430
66673060
66663200
66663890
66673060
66664530
66661650
66672320
66665070
66663060
66673450
66663760
66662700
66674450
66662010
66663350
66673260
66665160
66661070
66673810
66663680
66663210
66673720
66664070
66662220
66673420
66662730
66663760
66676430
66661440
66662450
66672850
66664350
66663550
66673640
66663920
66661630
66672710
66663740
66663520
66672680
66663550
66663960
66672060
66667250
66660290
66671960
66666400
66661680
66673610
66671850
66654740
66672800
66664960
66662310
66672680
66665430
66661650
66673450
66665990
66661040
66672560
66664300
66663360
66671550
66668510
66658770
66672740
66666630
66660840
66674320
66663900
66662160
66672790
66665290
66662340
66673600
66663740
66662590
66672530
66664650
66662010
66673430
66665580
66661010
66673570
66664090
66662250
66674170
66664370
66661890
66673950
66664440
66661510
66673080
66665220
66663060
66671460
66665420
66661410
66673910
66664170
66663250
66672250
66663970
66662960
66675760
66658140
66667210
66671460
66661300
66667930
66671420
66660580
66667620
66671250
66660480
66667610
66671780
66661160
66667870
66672660
66660050
66667330
66673270
66659380
66667230
66671820
66660360
77587680
55753120
66658580
66668570
66670830
66661090
66668380
66671580
66663900
66664540
66672060
66659820
66667740
66672500
66658970
66668690
66671950
66659700
66668230
66672900
66659300
66667910
66671970
66659230
66669110
66671240
66661420
66667600
66670740
66660840
66668150
66672490
66659380
66667350
66671060
66660620
66668700
66672350
66660110
66667730
66673260
66659570
66667040
66671650
66660760
66667190
66671570
66660480
66667410
66672850
66661750
66666040
66671520
66661310
66667830
66672790
66659070
66668080
66671890
66660640
66667120
66670580
66662040
66667050
66671530
66661640
66667910
66670960
66660540
66668220
66673580
66659440
66666560
66673720
66658860
66666890
66673530
66658600
66669530
66671380
66660050
66666920
66674010
66659580
66666530
66673510
66663020
66664640
66672910
66658640
66667760
66673570
66659010
66667170
66671700
66661140
66668310
66671690
66659600
66668170
66672300
66659290
66669270
66671020
66660520
66667270
66673310
66659740
66666480
66673250
66659950
66667020
66672650
66659200
66668900
66673090
66659600
66669970
66669040
66660110
66667430
66672850
66659550
66667970
66672260
66659550
66668450
66672890
66658460
66668220
66673360
66659170
66667060
66676240
66657020
66667270
66672400
66660280
66666920
66672400
66659820
66668580
66672890
66658380
66667610
66673580
66659550
66667310
66673780
66660410
66665720
66672930
66659580
66667440
66674550
66658460
66667450
66673120
66659400
66667290
66673000
66658890
66668940
66672460
66662340
66665050
66671840
66659800
66667270
66668390
66665470
66666030
66668710
66666240
66666470
66668150
66665020
66666510
66666580
66665670
66668000
66667400
66665660
66666900
66667030
66666060
66666470
66667450
66665710
66666770
66669220
66665530
66666280
66667760
66664340
66671230
66662190
66668700
66666720
66666810
66665360
66667100
66667260
66666280
66666030
66666820
66667610
66666110
66666780
66666030
66666540
66670440
66664220
66665730
66668020
66665210
66667490
66665680
66667210
66667370
66666310
66666670
66667150
66664940
66668960
66665770
66666130
66667530
66666250
66666970
66666200
66665760
66667410
66666850
66666500
66666140
66667910
66666240
66666410
66667080
66665750
66667950
66670100
66662770
66666490
66665840
66666940
66666140
66668710
66665130
66666160
66667340
66667870
66665490
66666980
66666660
66666860
66667080
66665290
66666520
66668250
66665770
66666460
66666690
66666610
66666570
66668210
66664650
66667190
66667510
66665850
66666760
66666750
66669610
66663360
66667570
66665740
66667010
66667950
66664280
66669160
66665780
66666560
66666430
66667570
66665850
66666130
66667130
66666520
66670000
66663850
66665450
66667560
66667790
66666620
66665850
66666870
66664490
66667710
66667460
77584430
55749410
66666680
66665570
66666650
66667870
66665210
66666750
66667510
66665940
66667560
66667070
66665830
66666340
66667190
66666160
66666950
66667710
66665770
66666210
66669680
66663030
66667380
66667770
66666270
66665020
66668120
66666450
66666690
66666190
66666350
66667780
66666040
66666330
66667080
66666230
66668050
66665770
66666330
66666200
66667850
66666860
66666830
66665520
66667860
66667030
66665740
66665620
66668560
66665190
66666290
66671060
66662970
66666240
66668450
66665850
66666530
66667530
66665800
66666060
66663220
66673000
66663850
66662320
66675440
66664110
66660880
66675390
66661850
66662530
66674620
66663900
66662310
66672940
66663130
66668520
66667610
66665920
66661310
66673900
66665580
66659790
66674130
66665240
66662040
66673850
66663650
66661260
66674390
66664640
66661980
66672960
66664390
66662730
66673650
66663260
66662320
66672770
66667230
66661270
