18656980
18133950
65514140
66670170
66659530
66669160
66672680
66658130
66668610
66674060
66658540
66667330
66672610
66659210
66668600
66674020
66657400
66669500
66671420
66658950
66668970
66672660
66656880
66670180
66670960
66661980
66667130
66674080
66656830
66668800
66671350
66661090
66668290
66671380
66658960
66669250
66671440
66661840
66666090
66673210
66658430
66668490
66673650
66657620
66668660
66671590
66659900
66668700
66675780
66656140
66668850
66671540
66659140
66670330
66671070
66660670
66666210
66673250
66658290
66669830
66669700
66661210
66667860
66674240
66658520
66667570
66670170
66660120
66671770
66672910
66660810
66664190
66671960
66659080
66668630
66671830
66659810
66668180
66674330
66658000
66667950
66671960
66658650
66669850
66672860
66660850
66665410
66672050
66660240
66668110
66673160
66658110
66669150
66672080
66659090
66669170
66671280
66659750
66667950
66671980
66659690
66669070
66671250
66659730
66668690
66671030
66660530
66667930
66671770
66661310
66667390
66672870
66658360
66669280
66672090
66660680
66666620
66672950
66659090
66668210
66671640
66659970
66668310
66672740
66658250
66668720
66672990
66658590
66668450
66673620
66657480
66669300
66671950
66659090
66668410
66672080
66659850
66668750
66671110
66660030
66668840
66671870
66658740
66669190
66672660
66661220
66667640
66670730
66659020
66668560
66671940
66659870
66668260
66671480
66660220
66668770
66671410
66658680
66669500
66672930
66657780
66668770
66674830
66657100
66669360
66671350
66658910
66668330
66673180
66658720
66668280
66672710
66658740
66669350
66673110
66659180
66667070
66673730
66658410
66668310
66672590
66658720
66668520
66673040
66658390
66668090
66672670
66660300
66666690
66675750
66656870
66667450
66669090
66667520
66664490
66668720
66663530
66667610
66668990
66663110
66668050
66667800
66664670
66667030
66668900
66664950
66667030
66667790
66665090
66666590
66669420
66663560
66666880
66668660
66665270
66667540
66666920
66666690
66667190
66669390
66662970
66667150
66672420
66660430
66667490
66666780
66665680
66666550
66667510
66665890
66667210
66666480
66666470
66666170
66668930
66665080
66667050
66667030
66664670
66667540
66669450
66663910
66667040
66667560
66664820
66667470
66667680
66664780
66667560
66669230
66663590
66667430
66667480
66664920
66665980
66671110
66664070
66666080
66666780
66666080
66666430
66667610
66666490
66665670
66668650
66668240
66663550
66668470
66665520
66666600
66667740
66666990
66664870
66667890
66665850
66667320
66665980
66666800
66665110
66670340
66663590
66667540
66667030
66666760
66665960
66667410
66666070
66666870
66667910
66664510
66667690
66667690
66664230
66667670
66668050
66666170
66666060
66666840
66669760
77586390
55746930
66663010
66666520
66667650
66665050
66667670
66666420
66667160
66665190
66671080
66663100
66667270
66668180
66664800
66666360
66668110
66665690
66666050
66668710
66664320
66667170
66668350
66665700
66666500
66667670
66666860
66665280
66669470
66663800
66666230
66668230
66665920
66666340
66670180
66663730
66666050
66667240
66665940
66667550
66669160
66663090
66668160
66666120
66667380
66664810
66666960
66667150
66667650
66666440
66667230
66665860
66666990
66665920
66666530
66666580
66667360
66666400
66667610
66664190
66668410
66667200
66665340
66667240
66666930
66666000
66666980
66667090
66666290
66666730
66669200
66663040
66668220
66667330
66665930
66667740
66666360
66664680
66666520
66666750
66667370
66667420
66665790
66664930
66669810
66665280
66666630
66666430
66667590
66665380
66663040
66674490
66664030
66662030
66674360
66662990
66662290
66675090
66663530
66662230
66676160
66660430
66662710
66673910
66662730
66664010
66674110
66662700
66662930
66672500
66664310
66662580
66673930
66662820
66663810
66673490
66663440
66663280
66674160
66661830
66663840
66673420
66665090
66660830
66674420
66664030
66662350
66672550
66664820
66661920
66675390
66661360
66664380
66673300
66662440
66664250
66671460
66665570
66662080
66672350
66664310
66663360
66673890
66662200
66664030
66674120
66663310
66662510
66679040
66659370
66661180
66676820
66660850
66663920
66671170
66665070
66662420
66674830
66662580
66664270
66674260
66660440
66663830
66674620
66661960
66663300
66673790
66662120
66664180
66674310
66662060
66663880
66674140
66664000
66661800
66675090
66662400
66662490
66673160
66664050
66663120
66672800
66664950
66661580
66673980
66664730
66661720
66673170
66664010
66662930
66674290
66662970
66662210
66673000
66666230
66661040
66673490
66663690
66663290
66672180
66665310
66661780
66673120
66664220
66663140
66673180
66666680
66660220
66673000
66663870
66662860
66672490
66665280
66661480
66673150
66665630
66661420
66673430
66664040
66663070
66675190
66661960
66662470
66673280
66671990
66655870
66672260
66667490
66659610
66673660
66662200
66664400
66673620
66664130
66661490
66674790
66664080
66662000
66671960
66663910
66663820
66672950
66664220
66663060
66671090
66665620
66662490
66674000
66663650
66662210
66676220
66662350
66661650
66674970
66663730
66661620
66672220
66665730
66661710
66674510
66663100
66662170
66673690
66665750
66661610
66673500
66664220
66661150
66673730
66664760
66662650
66672010
66665160
66662700
66673310
66663240
66663410
66673510
66663940
66662740
66674480
66662790
66662290
66672640
66662970
66666900
66670860
66659530
66669330
66670290
66660620
66668460
66670730
66660820
66668690
66672390
66659890
66667260
66670910
66660470
77592700
55748990
66659000
66670180
66670620
66659120
66668240
66670960
66660090
66669010
66674660
66657520
66667940
66670900
66660220
66669610
66670810
66660000
66668260
66670910
66660280
66668540
66672120
66659440
66669100
66672060
66660030
66667970
66673100
66658390
66668320
66671960
66659000
66670330
66670820
66660050
66668070
66672160
66659000
66668750
66672790
66658810
66667860
66672580
66657960
66670000
66671930
66659820
66668140
66671720
66660080
66667950
66672410
66659120
66669220
66671520
66661900
66666270
66672180
66659390
66667580
66672070
66661280
66668100
66670910
66660440
66667980
66672350
66659490
66668020
66672210
66659660
66668670
66672120
66659530
66668590
66670870
66659600
66669650
66673510
66656410
66669750
66671600
66658870
66668620
66672630
66660550
66669550
66670520
66658810
66668920
66669800
66661710
66671340
66668030
66661130
66667720
66670180
66661410
66668750
66672150
66659740
66668120
66671300
66659570
66669010
66670400
66660350
66667940
66673050
66659390
66667310
66672610
66660130
66668260
66671880
66661450
66666760
66671190
66660780
66667860
66672240
66659200
66668390
66673380
66658850
66669050
66671130
66659560
66668940
66671570
66659650
66668570
66671230
66660480
66667840
66670050
66661020
66667640
66672650
66662390
66665840
66670870
66661310
66668640
66671910
66659110
66668360
66671630
66659330
66669770
66672220
66659190
66668130
66673260
66661790
66665970
66671400
66660180
66667120
66673350
66659080
66667770
66673020
66658280
66668840
66672440
66658650
66669080
66672830
66659710
66667090
66672710
66658120
66669100
66668540
66666020
66665070
66668120
66666520
66665900
66669460
66664230
66666080
66668260
66665260
66665970
66671500
66661940
66667350
66670450
66662630
66667160
66668340
66664630
66668210
66669170
66663370
66667500
66667210
66665800
66667230
66670210
66662110
66667390
66666640
66667660
66665930
66667060
66665930
66666120
66668060
66667070
66664760
66668540
66664690
66667770
66667590
66667280
66665230
66669390
66663750
66666490
66666010
66667690
66666620
66667880
66665910
66665980
66666180
66666990
66667840
66665430
66666170
66667130
66667050
66667060
66665480
66667410
66665980
66667670
66665970
66665910
66667790
66666830
66666310
66666190
66667110
66665900
66669610
66665960
66664360
66667150
66667920
66665780
66666980
66665830
66667550
66667010
66667360
66665420
66666730
66667290
66666080
66666210
66668870
66666510
66665030
66666560
66666600
66666010
66667460
66666360
66666830
66666550
66667190
66665400
66667300
66666520
66667890
66667450
66664140
66667770
66666670
66666710
66666140
66666710
66666750
66666410
66667690
66667590
66664830
66666270
66666910
66666760
66667270
66669540
66662620
66668590
66665380
77596490
55739040
66665040
66666890
66666760
66665680
66667750
66672160
66660750
66666500
66668360
66665040
66666490
66666970
66667410
66667210
66665300
66666220
66668130
66665920
66667310
66666920
66665080
66667160
66667230
66666400
66665830
66668230
66665170
66666370
66668420
66664170
66667760
66667720
66665630
66666120
66668310
66665960
66666680
66667130
66668100
66664230
66667060
66668000
66664660
66669300
66665310
66666280
66666710
66665090
66666840
66668720
66664830
66666650
66668480
66665890
66667680
66666570
66668080
66663920
66667470
66666070
66666170
66666680
66669720
66663960
66662770
66672690
66665590
66662110
66674670
66661990
66663270
66673590
66664960
66660890
66673560
66664930
66663330
66671830
66663510
66663830
66672930
66665850
66661420
66673420
66663460
66662410
66673830
66662850
66663550
66673330
66663820
66661850
66673270
66664370
66662320
66673680
66664390
66664140
