101420590
107062070
106966750
106507820
106605030
106573620
106648370
106434360
107293040
107157900
106701990
106506160
106956540
106821950
107456700
106752890
107055510
106289690
106663210
106491640
106678850
106677900
107142610
106622000
107022800
106989450
106637740
107159020
106673710
107105570
106989260
106682790
106697240
106837520
106782830
107208950
106545320
106507550
106703210
106858270
106992970
106932780
107738890
107143360
106868600
106908720
106631640
106494340
107171100
106511800
106670780
106543500
106794890
106687200
106892870
106508080
107136650
107067300
106955520
106466440
107331380
106533080
106576950
106608370
106725790
106489300
106679240
106641140
106606210
106730060
106915820
106414570
106734710
106509590
106360530
106390730
106580380
106711580
106465050
106636650
106932880
106594400
106642760
106666430
107149910
106725610
106843040
106538080
107253500
106935000
106756030
106409430
106627670
106933530
107172260
106962480
106823750
106539990
106318550
107114130
106906040
106453460
107455840
106540620
106454410
107250460
106527050
106691420
106864410
106689720
106562040
106571950
106762600
106485110
106663780
106788930
106630870
107175050
106990430
106681960
107041180
106770390
106606770
106727000
106719030
106508510
106690410
107034280
106740020
106689260
106372310
106803640
106862660
106816590
106853450
106552870
106878390
106903930
106639740
106579400
106829160
106676150
106850830
106873760
106696580
106820490
106314080
106556590
106717440
106413800
106438140
106500360
107533120
106675170
106858020
106428630
106874830
106988770
106716710
106659880
106555520
107331090
106257370
106406450
106638050
106434130
107048320
106713250
106812600
106652240
106655790
106776660
106782570
107056090
106402410
106273290
106629350
106822650
107089960
106518110
106685210
106430860
106631530
106599400
106641180
106510980
106887350
107381780
107236810
106595090
106714890
106684670
106431370
106548720
106793520
106586060
106677190
106704830
106546860
107018920
107124960
106831420
106370670
106606830
106499760
106948040
106528030
106465270
106398990
106963050
106465480
106614990
106605520
106358460
106406960
106904000
106359330
106622690
106726690
106428800
106840440
106702050
106333990
106667390
106878750
106826710
106601680
107255300
106569030
107035670
106795240
106811170
106140400
106490040
106518770
106390360
107252730
106859660
106363040
106974390
107125090
106601130
106433160
107063740
107123320
106801160
107245700
106539780
106761430
106945900
106999120
106835750
107308840
106704660
106872610
106364530
107012240
106485620
106819360
107021710
106745020
107059590
106851390
106943570
106657460
106400100
106655370
106490020
106581880
107266250
106738890
107050540
107065110
106660330
106776460
106546880
106966240
106648650
107242730
107124360
106786440
106475790
107346270
106933900
107033400
106712600
106489160
106441180
106150330
106397630
106591930
107092620
106893070
106903370
106619010
106713170
106472920
107307120
107237360
107106980
117304950
106459360
106741870
106493610
106974370
106959060
106521560
107340930
106932900
106342420
106460390
107042940
106633770
106629170
106512760
106864040
106526280
106666480
106673850
106734010
106985100
106683010
106852870
106454970
106999650
106634990
107516400
106545870
107129410
106561840
106731200
106529580
106561020
106539800
107126480
106534540
107057260
106790480
107023500
106886790
106874280
106671810
106476680
106668430
107231570
106537330
107155050
106599070
106804870
106819110
106508240
106996400
106734320
106774000
106829390
106767620
106594010
106911710
106776860
106412340
106569400
106561080
106512400
107283630
106764530
106626610
106813510
107278520
106934040
106656990
107162680
106301200
107146950
107157990
106806050
106973720
107122050
106805580
106714700
106603040
106824450
107059260
106520850
106838050
107037450
106378370
106566320
106298530
106842150
106544960
107043290
106658050
106793900
106942360
106733360
106699830
106540650
106915120
106567010
106543610
106777020
106508730
106541570
106230350
106669420
106681830
107151780
106735350
106679860
106678010
107228820
107163230
106617840
106684300
106812210
106616490
106594670
106932060
106480190
106551840
107074360
106899640
106616850
107422130
106653610
106699150
107242960
106735820
106430410
106961960
106686920
106784990
107238850
106810370
106333020
106623480
107491060
106672270
106306800
107689980
106879860
106826560
106985930
106457900
106590650
106685410
106776910
107074040
106790700
106858620
106987840
107185720
106594300
106317820
106651830
106470000
106682040
106574460
106899100
106453950
106605730
106226330
106978560
107102140
107370190
106146790
106993740
106712800
106695030
106917060
116241520
106829760
106320200
106771950
106343860
106790660
106806880
106520790
106780800
106694550
106826570
106816060
106730430
106266330
107178840
106886070
106662690
106565290
107207550
106490310
106660820
106775060
106694650
106403970
106982020
106938390
107054380
106979230
106825750
107089830
106799280
107597440
106258520
106662080
107148130
107186630
106515140
106766610
106450420
106569230
106638570
106590100
106992060
106642860
107239700
106769270
106613720
106252090
106645710
106376620
106565470
106512580
106766820
106483460
106746480
106616970
107058970
106865820
106974810
107194210
107655880
107383700
106792240
106807470
106682820
107089230
106730210
106941290
106665330
106518470
106580990
106767260
106558290
106749800
106773110
106423380
106737500
106870490
106554120
106301550
106554920
106823460
107381970
106905010
106385690
106569280
107193460
106620050
106669380
107199210
107190790
106589240
106836110
106703290
107160860
106680100
106731150
106767720
106781950
106737880
107593630
107357500
107135240
106665890
106607450
106903990
106919600
106696390
107070630
106420660
106314300
106641620
106476860
106787330
106774160
106539450
106691180
106525720
106825350
107501270
106239260
106734170
106603500
106625440
106559340
106975130
106684800
106462370
106442910
107164730
117757540
106646070
106718130
106798970
106828680
107060160
106978750
106389130
106553290
106747580
107050090
107157560
106789580
106705150
106855300
106841930
106625640
106837560
106468280
106665230
106887510
106737880
106784820
106431200
106755600
107261800
106885980
106546580
106471590
106708410
106670390
106475760
106346590
106718750
106426480
106187020
106745220
107173870
106915570
106694480
106918430
106316260
106844710
106892700
106750960
107202920
107110070
106526620
106421530
106825890
106709570
107168800
106773260
106959670
106667060
106953500
106816440
107618490
106671720
106663190
107644740
106679580
106854740
106783370
107098180
107137640
106234710
106425340
106709300
106424960
106983450
106767560
106793380
106813250
106658210
106830110
107016780
106822650
106482590
106544310
106392500
106586620
107013740
106534840
106743370
107192680
106604810
106748100
106406350
107195420
106785170
106344770
107059680
106517890
106853510
106548060
106692350
106289200
106629380
106512320
106976900
106878130
106694260
106496670
106526600
106872910
106629950
106694900
106682680
106473610
106988700
106738790
106355000
106619610
106663070
106701130
106871280
106556990
106732280
106756990
107179860
106547010
106482870
106561520
106586180
106715940
106478140
106276150
107046190
106684870
106532330
106429530
106908020
106484480
107214290
106742690
106459240
106635290
106874080
106940720
107508220
106809950
106656080
106730090
107473160
106862300
107184820
106328550
107166410
106197780
106470670
106806780
106559820
106689560
106881440
106553470
106538770
106901200
106555130
107113470
106483920
106453760
106442160
106741450
107277080
106837400
106805380
106842390
106771610
106691310
106824060
107034790
106556290
106230220
106988480
106245950
106430210
106655150
106621560
106472420
106590590
106571000
106459640
107197240
106578510
106381420
106858700
106619520
107257750
106557530
106649380
106525130
106862100
106564350
107584380
106874510
107130940
106510180
106565360
106652800
107026400
106424630
106836990
106502890
106805000
106735250
106405820
106469890
106710050
106706040
106398740
106536840
106844970
106361830
106622490
106855110
106703820
106636590
106338070
106374510
106919860
107095550
106706840
106597630
106572810
106760000
107103800
106625100
106777400
106735920
106706640
106514620
106662400
106541890
106695050
106702490
106726630
106896230
106559370
107307300
106728310
106489370
106440970
106507920
107623540
106639160
106390670
106561310
106613990
106476710
106613690
106363550
106684370
106331720
107072700
106386150
106542830
106875890
106995230
106345920
107108150
106693160
106585460
106759120
107179460
106289540
106475680
106806930
106610380
106670920
106898600
106399990
106422950
106407120
106688410
106385580
106811420
107016670
106790640
106949580
106746830
107025370
107309960
106614330
106634310
106376240
106641120
107386780
106775850
106728970
106976600
106663320
106792420
107203840
106764720
106441760
106661390
106346490
106399770
106515380
117496750
106675640
107589460
106435990
106892550
107477660
106590420
106597400
106655270
106368140
107368210
106535640
107104090
106392450
106518110
106663970
106886630
106725270
106744640
106551010
106850200
106702530
106562930
107004460
107203960
106647030
106578040
106926580
106569460
106487850
107045240
107120180
107221750
107063180
106657810
107110590
106872020
106487050
107067150
106523790
107150090
106611410
106830800
106922250
107073570
107003540
106460530
107026660
106521180
106593340
106733880
106878430
106636900
106670230
107009170
106692340
106884600
106637510
106676100
106678910
106740970
106569350
107226270
106692320
106880180
106619700
106652740
107096420
107039680
106749020
107005510
106766890
106437940
106624840
106538660
106611150
107097780
107096250
107394360
106489020
107053890
106618060
106690290
106886120
106772580
106467750
106954880
106847910
107126120
106577280
106670910
106642020
106730400
106691580
106925630
106814560
107068840
106975940
106708310
107068030
