100915840
107357770
106423620
106494270
106519470
106692200
107787360
106541110
106936620
106755370
106489840
106507260
106735320
106947490
107066630
106507070
107244250
106378990
106177560
106788370
106685920
106605630
106662370
107177260
106170650
106750770
106880670
106944390
107535140
107024200
107020270
106604770
106375220
106683630
106468120
106944210
106622910
106970660
106861500
106687520
106798430
106871930
106541200
107045320
106364750
106596600
106812350
106456630
106725110
106616630
106404670
106924580
107092570
107156210
106629000
106977400
106477180
107177900
106929520
106537320
106541720
106570710
106904040
106784460
106950680
106780330
106740440
106146670
107292280
106609910
106522460
107005610
107223750
106513960
106842830
107197160
106461570
106789500
106854820
106628860
106678440
106289370
107404620
106911300
107002090
106947720
106815770
106732840
107466020
106690010
106481740
106303740
106628890
107167340
106721860
106897520
106516330
106275440
107219020
106497880
106705390
107093910
106710910
106173610
106424800
107125300
107183420
106719780
106320390
106815180
106637630
106679960
106454380
106441590
106673780
106738390
106733620
107036000
106963730
106625210
106155920
106702680
106350350
106357100
106544540
106919510
107187540
106596170
106724310
106155720
107047230
106970080
107045090
106920560
106557580
106567200
106189140
106255840
106242010
106549130
106480930
106802960
106567460
106830960
106633160
106748320
106394720
106575490
106368620
106793970
107070750
106553300
106819100
106478980
106224260
106547080
106650750
106701570
106217130
106785580
107009260
106831980
106518670
105891470
106620470
106836960
106565830
106261840
106899700
107298450
106824770
106804470
106474540
107186130
106331420
106873260
107088150
106651040
106252200
106384980
107034490
106757630
106612890
106843050
106604730
107032020
106903330
106439570
106392600
106505660
106993730
106981100
106453140
107507510
106720100
106497620
106900830
106482280
106854970
106733130
107128420
106623290
106972590
106706230
106944010
106895720
106673180
106408660
107069560
106258800
106127760
106020300
106343050
106676140
107216470
106788560
106611330
107139430
106361530
106660600
106113190
106514530
107197770
106404170
106336320
106792550
107290930
106435770
106646060
106745570
106787000
106851300
106473690
106942490
106494120
106616750
106825920
106702860
106875230
106727750
106625700
106758040
106749880
106586320
106456300
106502110
106999080
106137920
106912470
106868210
107056500
106627380
106661800
106463690
107134950
106795610
106190740
106344260
106512000
106737240
106549300
106975370
106746010
106475760
106885260
106464000
107273290
106628430
106835510
106476020
106398230
107152880
107010480
106944310
106673320
106787740
106875080
106649120
106955120
106293130
106893080
107130800
106705230
107149890
106826150
106478370
106607390
106838490
106822640
106732790
106890280
107664740
106790090
106748490
106961830
106810200
106583740
106102130
106006700
106712320
117368020
106020980
106736950
106834160
106291470
106850930
106708580
106299340
106627620
106571120
106624440
106592000
106494970
106575090
107063280
106436910
106573450
106619370
106585980
106651380
106311160
106503500
106806860
106623670
106660560
106880720
106546780
106857390
106612550
107194980
106448910
106329670
106454300
106257010
106500750
106400510
106518560
106151240
107104830
106480580
106370500
106614060
107055960
106863940
106590190
107154780
106792060
106698990
106484700
106958690
106268120
105984300
107027700
106521350
106701490
106643910
106474040
106544150
107177780
106648630
107222390
106524370
106752250
106584870
106506790
106317940
106843360
106752420
106291490
106482430
106675310
106446640
106095710
106701750
106859670
106456490
106456420
106583670
106675640
106632520
106998020
106284790
106939760
106524620
106779120
106736300
106943060
107074890
106760140
106434410
106406030
107150640
107142600
106571310
107183160
106390170
106457590
106479180
106382040
106763450
106556320
106311910
106841190
106702620
106991780
106525870
106674200
106133800
106526510
106598090
106983490
106367960
107164410
106730710
106697800
106519020
106267440
106493660
106709950
106497420
106478510
106626110
106147680
106746280
106844600
106767620
107147830
106480940
107400890
106507720
107228500
107040600
106379620
106531730
106769410
106682020
106473560
106568250
106800600
106981430
106767740
106814750
106886460
107051690
106404610
107311730
107000980
105934520
107135480
106433770
106648670
107430810
106485180
106293330
106688760
106182670
106515910
107202470
106894360
106471260
106720620
106360270
106617810
106634770
106406270
106513450
106952970
106888310
106733350
106416290
106336130
106341580
106595680
106348100
106509710
106336180
105901740
106334790
106943900
106437720
106489730
107264990
106785820
106589000
106320610
106469400
106401010
106541460
106566090
106377400
106508940
106465530
105963080
106681820
106450410
106475200
106980040
106595290
106872210
106654020
106231660
106357990
106008820
106978930
106531350
106103850
106767360
106566100
106619190
106717380
106505360
106698030
105990890
106667040
106737730
106896570
106284850
107114660
106540150
106644920
106439250
106658580
107449850
106262280
106730770
106420350
106504070
106377340
107027290
106752280
106488320
106425820
106415350
106719970
106468930
106338740
106542490
106772560
106610690
106443150
106655480
106731620
106109020
106709790
106592070
106718910
106549250
106442900
106532450
107017360
105992270
106457240
106586110
106027900
106603930
106137830
106484850
106118460
106489680
106619670
106899000
106404270
107126470
106565370
106515940
106450310
106645250
107134590
106744760
106420960
106986730
106509540
106852960
106711220
106486640
107166300
106851260
107056930
107010550
106413710
106510590
106452360
106483940
106786010
106429150
106569710
106853870
106679390
106409060
106501950
107362800
106420150
106512910
106701580
107455520
107040990
106772780
107237250
106368630
106578100
117231510
106861590
106594600
106561620
107118050
106817960
107208830
106368020
106610040
106580440
106053150
106576380
107398190
106992460
106668530
106612280
106438760
106377020
106481150
106866500
106661220
106827960
106892770
106606790
106566680
106981620
106626760
106805500
106035140
106748150
107006990
106892660
106698890
107001320
106562770
106399840
106965390
106631140
107821160
106874450
106788880
106495240
106387960
106366190
107308160
106550770
107374080
106461740
106205550
106410970
107001760
106650280
106612790
107072720
106307240
106487280
106471970
107072240
106405900
106943590
107194980
106442990
106143320
106293090
106944280
106470670
106817810
106583390
106865720
106473620
106878290
107123650
106710970
106811740
106824240
106641460
106889590
106639030
106638830
106474210
107045920
106682100
106418880
106613790
106778230
106500330
106785690
106465090
106357020
106557210
106504010
106717200
106712900
106983930
107081330
106828260
106474850
106500390
106568010
106214020
106048890
107000740
106617260
106371460
106549930
106544130
106105950
106576370
106442840
106435350
106638260
106650720
106463550
106774230
106348100
106639300
106453380
107298050
106975430
107111760
106843620
107235100
106809950
106249080
106933940
106758520
106472260
106596540
106679900
106476210
106525990
106844300
106584680
106871310
106912850
106503320
106420560
106391390
106772370
106679770
106376560
106429700
106103670
106754380
106486010
106599170
106378260
107016260
106876150
106526140
106901940
106325760
106558280
106314060
106724120
106789870
106399920
106332820
106593780
106622270
106469410
106503700
106435520
106348240
106509500
106545060
106530250
106447390
106561060
106837440
106566400
106632480
106433770
106275720
106760920
106183700
106525470
106058000
106994850
106367990
106412800
106550080
106487960
106448430
106665770
106930570
106320000
106307130
107275330
106537910
107165130
106291460
106475410
106949950
106383090
107026610
106553380
106394080
106666940
106428090
106063930
106612410
106356880
106563530
106629170
106416730
106831620
106677630
106480480
106667340
106503100
106208000
106464760
106685260
106340270
106233010
106396700
106425160
106607290
107245970
106677650
107290530
106555900
106425750
106106750
106317710
106379960
107100830
106534530
107041240
107354570
106898670
106731870
106467840
106452690
106470950
106543370
106403300
106619220
106500760
107218780
106375110
107008910
106843790
106429550
107118530
106877620
106649820
106501590
106679190
106535570
106717480
107151280
106832200
106985310
106535810
107022060
106549600
106954130
106204160
106227280
107434630
106681870
106540150
106523810
106413250
106506320
106427470
106483000
107029140
107299070
106757820
106914540
106323740
106678820
106502290
106497880
106319690
107224700
107395720
107287890
106434430
106401950
106776290
106405390
106384640
106571590
106261960
106490250
106661870
106597550
106628120
106698330
107236060
106868080
106418120
106727400
106488480
106290860
106745430
117630400
106636550
107173020
106741320
106880550
106764540
107269030
106728590
106465340
107010500
106611700
106757800
106492180
106396970
106659810
106872580
106734170
106905480
106580110
106692100
107016880
106653810
106797900
106417140
106757780
106928940
107096870
106649130
106246760
107025910
107254870
106626430
106620460
106866050
107367870
106709500
106446660
107159920
106633960
106548180
106635810
107377250
106432560
106683480
106616520
106765550
107220950
106630100
106281260
106738940
106527850
106841020
106555970
106710440
106831270
106502290
106736170
106424110
107036300
106731220
106812340
106706730
106644720
106202080
106688730
106323700
106842530
106182680
106480800
106587910
106780820
106540890
107050670
106445210
106848380
106686720
107256460
106713090
106804070
107553380
106718210
106448330
106409000
106618950
107000880
106692450
106669830
106526090
106979040
106576250
107088190
106658440
106578250
106472070
106634910
106354980
106544720
106429690
106777590
106611300
