23749450
23236010
55787430
66670430
66663360
66668000
66667760
66665310
66666120
66668950
66664470
66668680
66665640
66666850
66666960
66667740
66665150
66666020
66668420
66665100
66666530
66669580
66663810
66665910
66669000
66665990
66664530
66668730
66667080
66665290
66668680
66664440
66666530
66668290
66666170
66666460
66668240
66665560
66665390
66668160
66665510
66666280
66671940
66661800
66667040
66667150
66666320
66666280
66668160
66665430
66666860
66667560
66665520
66666770
66667640
66665820
66664820
66669720
66666760
66664430
66667840
66665940
66667780
66667270
66665400
66666710
66668030
66665010
66666030
66668490
66672600
66658730
66668060
66666080
66666580
66667550
66667070
66669680
66665380
66664160
66665100
66668610
66666570
66664980
66668810
66665620
66665320
66668660
66666290
66667880
66666370
66666420
66664810
66667400
66667780
66664300
66668750
66666060
66665280
66669220
66665590
66664680
66669790
66665260
66667200
66667130
66665050
66667630
66667390
66665250
66667270
66667290
66666010
66667630
66667010
66664560
66667500
66667050
66665180
66668570
66669680
66661960
66668060
66667410
66666310
66665090
66667610
66666390
66663250
66674370
66663180
66661910
66673720
66663580
66662640
66672680
66667510
66659480
66673890
66664160
66662350
66674250
66663830
66662350
66672820
66664690
66662940
66672850
66664330
66661890
66673710
66664390
66661390
66676150
66661070
66663070
66674430
66664110
66660700
66674980
66663050
66663320
66674250
66663380
66661870
66674280
66663170
66662660
66674570
66662280
66662670
66674100
66664080
66661640
66674500
66663890
66662330
66674530
66661900
66663400
66673930
66663060
66662640
66677990
66661180
66661050
66676130
66662090
66662120
66673440
66665610
66660600
66675390
66663550
66661180
66674520
66664320
66662000
66675550
66662510
66661080
66674370
66665740
66659340
66674480
66664630
66661570
66675220
66664120
66660340
66674710
66664650
66660260
66675400
66665170
66659710
66673310
66665050
66661880
66674620
66664470
66660780
66677290
66661190
66661380
66674170
66666530
66659940
66673830
66664250
66660800
66674780
66664920
66661160
66673890
66665790
66660170
66673650
66666260
66660400
66673950
66664030
66662000
66673910
66664630
66661280
66675560
66663110
66661010
66675080
66662690
66662810
66674170
66660370
66667500
66672030
66659850
66667600
66673570
66659210
66667680
66672610
66659070
66667320
66673200
66658620
66668140
66672870
66659130
66667820
66674280
66658410
66667350
66673490
66659420
66667200
66675450
66657860
66667540
66673660
66658860
66667320
66673610
66658680
66667480
66673680
66661710
66665410
66673020
66657980
66668100
66673340
66660170
66666910
66673020
66659390
66667340
66674400
66663110
77592660
55744420
66658660
66667090
66674260
66658590
66666770
66674050
66658500
66666890
66673830
66659250
66667650
66672890
66659640
66668000
66674240
66657410
66668460
66673120
66659470
66666320
66673830
66659130
66668540
66671340
66660160
66667490
66673570
66658720
66667300
66673720
66658110
66668130
66673730
66659210
66667660
66672940
66659200
66668210
66674810
66657420
66667370
66673080
66659310
66667850
66672480
66659740
66667780
66674460
66657950
66667300
66675020
66656660
66667810
66673580
66658880
66668170
66672280
66659730
66667830
66675210
66657450
66667930
66672560
66659750
66666720
66673900
66658110
66668450
66674420
66660300
66665040
66672990
66659640
66668680
66671990
66659810
66667500
66673670
66658580
66667580
66672040
66660070
66667780
66673850
66658220
66667440
66674640
66658130
66666870
66673650
66658660
66668060
66669930
66664340
66667150
66668720
66665260
66665610
66669400
66665060
66665880
66668250
66666670
66665650
66668140
66665070
66666920
66667580
66665590
66666070
66668620
66665940
66666290
66668550
66663880
66667410
66667450
66665010
66666970
66668170
66665000
66667270
66668590
66666560
66664510
66669350
66664300
66666340
66668030
66666510
66665950
66668140
66664700
66666740
66668330
66666070
66664440
66669650
66664470
66667420
66666990
66666990
66665740
66668360
66664290
66668170
66666310
66666950
66666000
66672540
66661110
66666780
66667720
66665420
66666190
66667640
66665970
66666550
66666760
66666330
66667350
66666840
66665540
66666020
66669230
66665780
66666280
66666730
66666640
66666430
66668600
66665740
66664900
66669340
66664370
66666600
66668840
66665390
66666870
66667240
66664760
66666610
66668480
66665960
66665100
66668990
66665530
66666790
66668890
66664180
66665840
66669230
66665610
66666380
66668460
66664890
66665530
66669340
66665980
66667140
66665920
66666100
66666730
66668060
66664660
66668260
66666760
66665630
66666730
66668560
66664370
66668290
66665800
66665850
66667870
66667350
66664450
66666950
66668000
66666780
66666070
66666560
66666570
66662410
66673930
66669750
66663430
66669290
66662300
66660900
66675210
66664210
66661280
66673880
66664520
66661750
66675240
66661460
66662570
66674680
66664430
66661890
66673430
66664640
66661400
66674430
66664470
66660800
66674990
66663760
66662020
66673150
66664150
66662390
66674950
66663380
66661960
66673200
66664270
66661930
66674390
66663510
66662240
66674250
66663810
66662130
66674440
66663550
66662070
66673840
66665070
66661520
66674270
66663070
66661990
66673410
66664690
66662440
66671630
66667260
66661170
66674440
66664080
66661430
66673350
66665700
66660380
66676800
66661030
66662710
66673840
66663960
66661800
66673130
66660150
66668260
66673060
66660030
77593460
55747060
66658550
66669720
66671150
66662580
66664600
66673070
66659050
66668190
66672840
66659480
66666970
66674090
66657590
66668750
66672840
66659680
66668430
66672240
66659320
66667370
66673740
66658710
66669360
66673420
66657690
66667710
66673620
66658070
66668860
66672600
66657890
66668640
66673850
66659430
66667460
66672180
66659770
66667610
66673400
66658150
66668090
66673380
66659880
66666530
66674750
66658570
66667130
66674440
66658170
66667610
66674440
66658390
66665930
66675360
66657710
66668090
66672860
66658620
66668050
66672880
66659980
66667020
66673210
66658880
66667960
66675400
66656810
66668350
66672420
66659420
66667660
66673530
66660200
66666770
66673970
66660300
66665850
66676270
66656250
66667150
66673690
66659670
66667090
66673300
66657880
66668690
66672140
66659980
66667010
66674200
66659140
66667550
66674030
66659750
66666730
66672960
66659520
66666880
66672680
66660430
66666460
66673550
66659260
66667670
66672820
66658940
66668290
66672700
66658430
66668590
66674230
66657240
66669550
66672500
66658440
66668400
66672350
66659540
66668380
66669260
66666240
66665430
66668860
66664560
66666550
66667680
66666570
66664910
66669070
66664660
66668380
66666600
66667240
66665370
66666880
66667920
66665700
66666820
66666320
66666270
66667040
66666960
66665340
66667480
66666270
66667170
66667310
66665010
66667630
66666260
66667110
66664910
66668120
66673040
66660670
66666580
66665600
66667010
66668500
66666770
66665830
66666200
66667380
66665230
66668220
66666220
66666320
66666740
66666660
66665040
66668190
66667270
66665530
66668040
66665140
66666560
66667060
66666690
66665170
66669060
66666000
66666980
66667200
66665210
66666860
66667530
66666280
66666620
66667940
66665050
66666890
66666960
66667640
66665070
66666640
66667080
66666270
66667120
66666720
66665950
66667950
66666710
66665440
66668930
66664770
66667100
66668010
66665030
66666060
66668250
66665710
66666210
66666910
66665930
66667860
66667300
66665790
66665910
66667090
66667090
66667790
66667280
66665160
66665960
66667190
66666060
66667730
66665920
66667660
66667340
66664430
66669770
66664370
66667210
66666020
66666610
66666500
66669870
66664250
66666510
66666410
66661940
66674010
66663750
66662160
66674310
66664060
66663050
66672910
66664360
66661570
66673830
66663010
66664300
66673160
66664150
66661250
66673850
66664890
66661710
66674460
66664290
66661990
66673500
66663150
66662600
66674960
66662730
66662990
66672750
66663930
66662430
66673780
66663870
66662440
66674220
66664110
66661890
66675880
66661300
66662120
66674940
66663550
66661410
66674960
66664500
66660520
66674420
66665050
66661390
66674330
66662990
66662660
66674150
66665050
66659580
66675020
66662800
77592240
55744520
66660880
66667230
66671550
66660740
66669410
66675190
66656680
66666660
66673730
66660290
66666250
66672510
66661300
66666110
66672140
66661930
66665810
66673890
66658530
66667730
66672010
66661160
66666680
66673980
66659100
66667140
66672860
66659390
66666870
66673600
66660470
66666740
66671860
66661210
66666450
66672860
66659900
66666390
66674930
66659080
66667880
66672300
66658570
66667640
66673430
66659910
66669600
66669970
66660150
66667390
66672140
66661140
66666700
66673760
66659330
66666850
66673710
66661100
66665510
66672650
66660200
66667560
66674660
66658090
66666690
66673540
66659060
66667500
66672750
66660540
66666820
66673160
66659370
66667640
66672610
66661150
66665970
66673950
66659490
66666620
66672460
66665960
66660930
66674530
66658010
66668630
66672410
66661350
66665950
66672220
66660300
66667170
66674240
66659680
66665160
66674810
66658630
66667200
